11299.2000 9820.8000 0
14361.6000 11668.8000 0
15892.8000 11985.6000 0
13886.4000 13992.0000 0
9873.6000 16526.4000 0
9662.4000 16209.6000 0
7920.0000 15364.8000 0
6916.8000 18216.0000 0
8606.4000 21648.0000 0
10507.2000 24499.2000 0
11457.6000 24763.2000 0
12249.6000 21489.6000 0
14308.8000 17424.0000 0
17265.6000 18691.2000 0
19694.4000 20064.0000 0
26188.8000 20803.2000 0
23073.6000 17529.6000 0
22968.0000 15364.8000 0
25766.4000 13780.8000 0
22334.4000 11035.2000 0
15787.2000 5755.2000 0
12196.8000 6969.6000 0
11404.8000 7444.8000 0
9292.8000 8289.6000 0
10771.2000 8764.8000 0
